pong-1
[250000, -18.402439024390244, 82]
[500000, -14.642857142857142, 28]
[750000, -7.285714285714286, 14]
[1000000, -6.0, 12]
[1250000, 6.0, 4]
[1500000, -0.9090909090909091, 11]
[1750000, 5.666666666666667, 3]
[2000000, 7.0, 5]
[2250000, 6.0, 15]
[2500000, 15.423076923076923, 26]
[2750000, 14.0, 29]
[3000000, 18.826923076923077, 52]
[3250000, 18.693877551020407, 49]
[3500000, 18.254901960784313, 51]
[3750000, 18.89090909090909, 55]
[4000000, 18.452830188679247, 53]
[4250000, 18.87272727272727, 55]
[4500000, 18.923076923076923, 52]
[4750000, 14.5, 34]
[5000000, 19.035087719298247, 57]
[5250000, 18.09259259259259, 54]
[5500000, 18.87272727272727, 55]
[5750000, 18.727272727272727, 55]
[6000000, 18.51923076923077, 52]
[6250000, 18.454545454545453, 55]
[6500000, 18.576923076923077, 52]
[6750000, 17.764705882352942, 51]
[7000000, 18.482142857142858, 56]
[7250000, 18.636363636363637, 55]
[7500000, 18.894736842105264, 57]
[7750000, 19.2, 55]
[8000000, 18.618181818181817, 55]
[8250000, 18.528301886792452, 53]
[8500000, 18.473684210526315, 57]
[8750000, 18.74137931034483, 58]
[9000000, 18.43859649122807, 57]
[9250000, 18.83050847457627, 59]
[9500000, 14.842105263157896, 38]
[9750000, 18.526315789473685, 57]
[10000000, 18.80701754385965, 57]
[250000, 500000, 750000, 1000000, 1250000, 1500000, 1750000, 2000000, 2250000, 2500000, 2750000, 3000000, 3250000, 3500000, 3750000, 4000000, 4250000, 4500000, 4750000, 5000000, 5250000, 5500000, 5750000, 6000000, 6250000, 6500000, 6750000, 7000000, 7250000, 7500000, 7750000, 8000000, 8250000, 8500000, 8750000, 9000000, 9250000, 9500000, 9750000, 10000000]
[-18.402439024390244, -14.642857142857142, -7.285714285714286, -6.0, 6.0, -0.9090909090909091, 5.666666666666667, 7.0, 6.0, 15.423076923076923, 14.0, 18.826923076923077, 18.693877551020407, 18.254901960784313, 18.89090909090909, 18.452830188679247, 18.87272727272727, 18.923076923076923, 14.5, 19.035087719298247, 18.09259259259259, 18.87272727272727, 18.727272727272727, 18.51923076923077, 18.454545454545453, 18.576923076923077, 17.764705882352942, 18.482142857142858, 18.636363636363637, 18.894736842105264, 19.2, 18.618181818181817, 18.528301886792452, 18.473684210526315, 18.74137931034483, 18.43859649122807, 18.83050847457627, 14.842105263157896, 18.526315789473685, 18.80701754385965]
[82, 28, 14, 12, 4, 11, 3, 5, 15, 26, 29, 52, 49, 51, 55, 53, 55, 52, 34, 57, 54, 55, 55, 52, 55, 52, 51, 56, 55, 57, 55, 55, 53, 57, 58, 57, 59, 38, 57, 57]
