pong-1
[250000, -20.9375, 160]
[500000, -15.568181818181818, 44]
[750000, -5.523809523809524, 21]
[1000000, -1.7058823529411764, 17]
[1250000, -2.5, 14]
[1500000, 4.454545454545454, 11]
[1750000, 5.0, 3]
[2000000, 8.0, 3]
[2250000, 9.272727272727273, 11]
[2500000, 12.222222222222221, 9]
[2750000, 10.333333333333334, 3]
[3000000, 11.75, 4]
[3250000, 12.857142857142858, 14]
[3500000, 16.703703703703702, 27]
[3750000, 15.323529411764707, 34]
[4000000, 18.77777777777778, 45]
[4250000, 17.979166666666668, 48]
[4500000, 18.826923076923077, 52]
[4750000, 18.04, 50]
[5000000, 18.71698113207547, 53]
[5250000, 18.0, 53]
[5500000, 18.29090909090909, 55]
[5750000, 18.636363636363637, 55]
[6000000, 18.78181818181818, 55]
[6250000, 18.545454545454547, 55]
[6500000, 18.381818181818183, 55]
[6750000, 19.035714285714285, 56]
[7000000, 18.38888888888889, 54]
[7250000, 18.553571428571427, 56]
[7500000, 18.71698113207547, 53]
[7750000, 18.81132075471698, 53]
[8000000, 18.75438596491228, 57]
[8250000, 18.254545454545454, 55]
[8500000, 19.12280701754386, 57]
[8750000, 18.56140350877193, 57]
[9000000, 17.93617021276596, 47]
[9250000, 18.145454545454545, 55]
[9500000, 19.125, 56]
[9750000, 18.78181818181818, 55]
[10000000, 18.49122807017544, 57]
[250000, 500000, 750000, 1000000, 1250000, 1500000, 1750000, 2000000, 2250000, 2500000, 2750000, 3000000, 3250000, 3500000, 3750000, 4000000, 4250000, 4500000, 4750000, 5000000, 5250000, 5500000, 5750000, 6000000, 6250000, 6500000, 6750000, 7000000, 7250000, 7500000, 7750000, 8000000, 8250000, 8500000, 8750000, 9000000, 9250000, 9500000, 9750000, 10000000]
[-20.9375, -15.568181818181818, -5.523809523809524, -1.7058823529411764, -2.5, 4.454545454545454, 5.0, 8.0, 9.272727272727273, 12.222222222222221, 10.333333333333334, 11.75, 12.857142857142858, 16.703703703703702, 15.323529411764707, 18.77777777777778, 17.979166666666668, 18.826923076923077, 18.04, 18.71698113207547, 18.0, 18.29090909090909, 18.636363636363637, 18.78181818181818, 18.545454545454547, 18.381818181818183, 19.035714285714285, 18.38888888888889, 18.553571428571427, 18.71698113207547, 18.81132075471698, 18.75438596491228, 18.254545454545454, 19.12280701754386, 18.56140350877193, 17.93617021276596, 18.145454545454545, 19.125, 18.78181818181818, 18.49122807017544]
[160, 44, 21, 17, 14, 11, 3, 3, 11, 9, 3, 4, 14, 27, 34, 45, 48, 52, 50, 53, 53, 55, 55, 55, 55, 55, 56, 54, 56, 53, 53, 57, 55, 57, 57, 47, 55, 56, 55, 57]
